0.79844 0.19755 1.53185
0.55397 0.62887 1.49655
0.91620 0.71730 1.83576
0.24289 0.80418 1.30432
0.10881 0.21826 0.96060
0.29603 0.52429 1.23859
0.77136 0.76991 1.73483
0.35246 0.91903 1.44168
0.08606 0.66323 1.11697
0.02002 0.06310 0.82481
0.85092 0.53976 1.71090
0.66772 0.03928 1.35960
0.72095 0.73853 1.68010
0.16597 0.88008 1.26964
0.89337 0.68667 1.80451
0.85868 0.92397 1.86895
0.91097 0.21582 1.63360
0.88106 0.43195 1.69371
0.30746 0.22611 1.13059
0.41650 0.90680 1.49067
0.76048 0.93500 1.79079
0.36866 0.23226 1.18445
0.73215 0.79347 1.71117
0.95010 0.52156 1.78706
0.73265 0.96741 1.78019
0.13490 0.07823 0.92730
0.81968 0.75558 1.76977
0.20433 0.12547 1.00426
0.07233 0.92307 1.20791
0.39169 0.81970 1.43547
0.45258 0.09964 1.20264
0.99223 0.87761 1.96287
0.74780 0.92538 1.77635
0.74381 0.98360 1.79595
0.83001 0.07699 1.51083
0.22914 0.31687 1.10058
0.63307 0.65113 1.57179
0.54611 0.11328 1.28661
0.45092 0.84768 1.49627
0.59848 0.23389 1.37818
0.30496 0.18256 1.11132
0.69598 0.63764 1.61933
0.62716 0.32837 1.43953
0.68476 0.25727 1.45988
0.87738 0.09374 1.55724
0.59321 0.28878 1.39540
0.18975 0.00358 0.94394
0.43650 0.91893 1.51225
0.68579 0.77427 1.66465
0.20355 0.54804 1.17026
0.87398 0.57620 1.74465
0.49240 0.84894 1.53162
0.68418 0.13906 1.41278
0.72425 0.22197 1.47915
0.36044 0.93190 1.45346
0.81813 0.33497 1.60259
0.25891 0.07255 1.02924
0.28827 0.09115 1.06125
0.26546 0.76178 1.30657
0.62567 0.20784 1.39075
0.39439 0.32601 1.24303
0.33824 0.13607 1.12095
0.77439 0.11467 1.47895
0.44911 0.70791 1.43962
0.09392 0.38290 1.01302
0.13170 0.05342 0.91482
0.44256 0.58964 1.38748
0.36192 0.88872 1.43767
0.52575 0.59620 1.45996
0.09884 0.16965 0.93305
0.29083 0.87828 1.37383
0.03633 0.77826 1.12055
0.22101 0.61244 1.21033
0.71946 0.40119 1.54580
0.38575 0.15472 1.16822
0.38217 0.73741 1.39501
0.91959 0.80979 1.87509
0.00600 0.84391 1.12097
0.40071 0.71887 1.40328
0.03289 0.68572 1.08117
0.56783 0.00571 1.26244
0.85756 0.34135 1.63823
0.31323 0.18626 1.11973
0.67565 0.19111 1.42615
0.54740 0.93248 1.61077
0.93342 0.55257 1.78527
0.59450 0.99530 1.67512
0.58916 0.75932 1.57757
0.60438 0.16695 1.35673
0.66441 0.61198 1.58269
0.14834 0.03296 0.92073
0.51505 0.48981 1.40901
0.38466 0.45212 1.28459
0.40677 0.71760 1.40787
0.44674 0.99516 1.55092
0.59728 0.21979 1.37161
0.46285 0.85059 1.50744
0.76701 0.53674 1.63922
0.46617 0.96728 1.55625
0.76645 0.25759 1.52865
0.40238 0.55445 1.33984
0.36011 0.91652 1.44712
0.10978 0.19900 0.95382
0.59634 0.56087 1.50534
0.34384 0.92369 1.43628
0.93327 0.44798 1.74390
0.96568 0.29289 1.70996
0.74764 0.27299 1.51892
0.62319 0.92454 1.67132
0.20298 0.17624 1.02314
0.01387 0.11999 0.84207
0.10086 0.07056 0.89566
0.29318 0.91239 1.38925
0.43184 0.75338 1.44305
0.52355 0.66179 1.48398
0.64671 0.05017 1.34624
0.68192 0.31294 1.47946
0.18906 0.05344 0.96302
0.13617 0.05805 0.92040
0.92522 0.25697 1.66180
0.47635 0.92607 1.54855
0.22524 0.63358 1.22221
0.34755 0.52263 1.28122
0.64513 0.26902 1.43123
0.75921 0.68357 1.69057
0.60076 0.66796 1.55128
0.25623 0.51438 1.20124
0.82133 0.73675 1.76373
0.02386 0.48725 0.99531
0.50741 0.07826 1.24028
0.04339 0.24486 0.91613
0.96157 0.16609 1.65650
0.00698 0.73646 1.07941
0.78764 0.10148 1.48489
0.09504 0.27721 0.97228
0.09668 0.84527 1.19769
0.43440 0.32398 1.27585
0.37800 0.65988 1.36093
0.21086 0.52888 1.16885
0.12209 0.51494 1.08876
0.16016 0.43376 1.08873
0.46195 0.78025 1.47894
0.86720 0.04718 1.53032
0.10952 0.59619 1.11025
0.40662 0.57768 1.35256
0.37420 0.09749 1.13595
0.93418 0.83146 1.89590
0.62466 0.57881 1.53620
0.59971 0.14394 1.34373
0.73531 0.66671 1.66384
0.10223 0.27032 0.97560
0.94700 0.50691 1.77868
0.29460 0.64452 1.28481
0.62936 0.81300 1.63251
0.61758 0.77443 1.60741
0.17272 0.35979 1.07011
0.10069 0.86944 1.21059
0.74972 0.36680 1.55766
0.06823 0.43220 1.01088
0.47164 0.22442 1.26787
0.12608 0.48016 1.07840
0.13339 0.18458 0.96796
0.80862 0.68753 1.73364
0.77506 0.86127 1.77396
0.66791 0.82855 1.67103
0.19349 0.15471 1.00668
0.53251 0.64037 1.48306
0.00584 0.19163 0.86358
0.65309 0.34932 1.46958
0.05047 0.80935 1.14470
0.28428 0.35925 1.16363
0.78619 0.14034 1.49899
0.96769 0.86909 1.93890
0.39568 0.53234 1.32549
0.08853 0.05307 0.87841
0.41914 0.21985 1.22197
0.46149 0.45994 1.35223
0.20223 0.67256 1.21826
0.38451 0.93085 1.47327
0.87560 0.92140 1.88216
0.96839 0.00473 1.59860
0.26189 0.03650 1.01753
0.28515 0.67526 1.28899
0.43287 0.99604 1.53962
0.26462 0.29106 1.12022
0.00695 0.88951 1.13975
0.63920 0.92538 1.68510
0.54772 0.82862 1.57008
0.86078 0.46125 1.68823
0.95611 0.18769 1.66043
0.62788 0.61549 1.55338
0.69409 0.65007 1.62264
0.89535 0.67532 1.80170
0.17666 0.33402 1.06325
0.02458 0.41766 0.96847
0.12966 0.14495 0.94921
0.24699 0.54174 1.20427
0.41717 0.47685 1.32166
0.88073 0.26642 1.62815
0.45827 0.58654 1.39945
0.65376 0.98498 1.72084
0.32245 0.74018 1.34593
0.09963 0.32375 0.99449
0.51772 0.42730 1.38660
0.23257 0.00788 0.98161
0.79092 0.16724 1.51358
0.29143 0.19356 1.10429
0.61589 0.67816 1.56802
0.72685 0.64564 1.64842
0.85944 0.38160 1.65569
0.39005 0.98145 1.49788
0.11420 0.15493 0.94015
0.03504 0.47887 1.00140
0.43474 0.57312 1.37439
0.86487 0.98595 1.89860
0.10112 0.06046 0.89191
0.98954 0.76912 1.91783
0.41155 0.44832 1.30569
0.15755 0.34956 1.05334
0.39393 0.14537 1.17141
0.50762 0.92532 1.57452
0.33715 0.32410 1.19419
0.90705 0.48764 1.73750
0.39089 0.54736 1.32739
0.55820 0.06746 1.27870
0.04389 0.04651 0.83832
0.03682 0.28138 0.92501
0.24926 0.20628 1.07388
0.53703 0.48112 1.42405
0.45936 0.76880 1.47226
0.53325 0.71778 1.51421
0.74894 0.64767 1.66778
0.56838 0.03431 1.27417
0.53958 0.42961 1.40588
0.94871 0.25491 1.68072
0.70700 0.08943 1.41238
0.43892 0.94308 1.52381
0.47406 0.80464 1.49874
0.54489 0.92629 1.60622
0.53766 0.21312 1.31889
0.44279 0.54622 1.37055
0.03007 0.32105 0.93497
0.72238 0.47384 1.57691
0.12397 0.28392 0.99923
0.39029 0.62370 1.35699
0.21646 0.05421 0.98634
0.82184 0.48019 1.66298
0.75614 0.99235 1.80977
0.33907 0.54020 1.28103
0.10244 0.11958 0.91633
