0.91165 0.19755 1.62697
0.47740 0.62887 1.43222
0.63571 0.71730 1.60011
0.13723 0.80418 1.21555
0.99892 0.21826 1.70846
0.63755 0.52429 1.52553
0.52674 0.76991 1.52930
0.80772 0.91903 1.82419
0.19221 0.66323 1.20616
0.45770 0.06310 1.19254
0.26667 0.53976 1.22002
0.53161 0.03928 1.24524
0.28429 0.73853 1.31322
0.44010 0.88008 1.49996
0.35036 0.68667 1.34828
0.43956 0.92397 1.51681
0.48249 0.21582 1.27360
0.64108 0.43195 1.49208
0.44703 0.22611 1.24786
0.16961 0.90680 1.28323
0.98475 0.93500 1.97923
0.29416 0.23226 1.12185
0.12547 0.79347 1.20145
0.05253 0.52156 1.03293
0.65656 0.96741 1.71626
0.52021 0.07823 1.25103
0.57332 0.75558 1.56278
0.88996 0.12547 1.58031
0.00416 0.92307 1.15064
0.91303 0.81970 1.87349
0.68739 0.09964 1.39993
0.57697 0.87761 1.61398
0.83324 0.92538 1.84813
0.90337 0.98360 1.93001
0.88895 0.07699 1.56035
0.70062 0.31687 1.49672
0.22366 0.65113 1.22781
0.71927 0.11328 1.43210
0.33635 0.84768 1.40001
0.83324 0.23389 1.57542
0.71209 0.18256 1.45338
0.67394 0.63764 1.60081
0.73073 0.32837 1.52655
0.65313 0.25727 1.43331
0.68612 0.09374 1.39654
0.66656 0.28878 1.45702
0.98436 0.00358 1.61156
0.95864 0.91893 1.95094
0.38383 0.77427 1.41095
0.79366 0.54804 1.66606
0.49814 0.57620 1.42888
0.46366 0.84894 1.50747
0.72755 0.13906 1.44922
0.17821 0.22197 1.02037
0.32481 0.93190 1.42352
0.49607 0.33497 1.33200
0.15123 0.07255 0.93877
0.33139 0.09115 1.09747
0.65875 0.76178 1.63700
0.51771 0.20784 1.30005
0.24433 0.32601 1.11695
0.89756 0.13607 1.59088
0.29368 0.11467 1.07507
0.98647 0.70791 1.89110
0.09956 0.38290 1.01776
0.05151 0.05342 0.84744
0.11911 0.58964 1.11572
0.30429 0.88872 1.38925
0.61893 0.59620 1.53824
0.92373 0.16965 1.62611
0.35719 0.87828 1.42959
0.25747 0.77826 1.30635
0.19802 0.61244 1.19101
0.20035 0.40119 1.10965
0.53285 0.15472 1.29181
0.30541 0.73741 1.33052
0.68599 0.80979 1.67882
0.53296 0.84391 1.56371
0.36215 0.71887 1.37089
0.06356 0.68572 1.10694
0.00113 0.00571 0.78630
0.18116 0.34135 1.06993
0.88501 0.18626 1.60014
0.90417 0.19111 1.61814
0.73896 0.93248 1.77172
0.49441 0.55257 1.41642
0.65720 0.99530 1.72780
0.63777 0.75932 1.61841
0.47056 0.16695 1.24431
0.41248 0.61198 1.37102
0.57902 0.03296 1.28259
0.11265 0.48981 1.07092
0.63766 0.45212 1.49716
0.01746 0.71760 1.08077
0.47736 0.99516 1.57665
0.22260 0.21979 1.05681
0.43856 0.85059 1.48703
0.33357 0.53674 1.27504
0.88432 0.96728 1.90757
0.90478 0.25759 1.64487
0.56078 0.55445 1.47293
0.65388 0.91652 1.69394
0.37356 0.19900 1.17544
0.05886 0.56087 1.05375
0.00907 0.92369 1.15501
0.17306 0.44798 1.10518
0.15534 0.29289 1.02912
0.47581 0.27299 1.29053
0.71867 0.92454 1.75154
0.62613 0.17624 1.37867
0.16082 0.11999 0.96554
0.61423 0.07056 1.32699
0.24407 0.91239 1.34799
0.81390 0.75338 1.76405
0.20095 0.66179 1.21293
0.34148 0.05017 1.08979
0.90419 0.31294 1.66620
0.59111 0.05344 1.30082
0.58912 0.05805 1.30096
0.46905 0.25697 1.27853
0.81555 0.92607 1.83354
0.26417 0.63358 1.25493
0.20571 0.52263 1.16205
0.44334 0.26902 1.26168
0.25811 0.68357 1.26955
0.32148 0.66796 1.31663
0.07324 0.51438 1.04749
0.95896 0.73675 1.87936
0.00508 0.48725 0.97953
0.46747 0.07826 1.20673
0.08441 0.24486 0.95059
0.86747 0.16609 1.57744
0.57861 0.73646 1.55969
0.94644 0.10148 1.61830
0.74673 0.27721 1.51982
0.98111 0.84527 1.94078
0.65403 0.32398 1.46038
0.13696 0.65988 1.15841
0.66833 0.52888 1.55320
0.03826 0.51494 1.01833
0.30825 0.43376 1.21315
0.08418 0.78025 1.16155
0.06267 0.04718 0.85437
0.38800 0.59619 1.34422
0.82243 0.57768 1.70192
0.38189 0.09749 1.14241
0.84927 0.83146 1.82456
0.50240 0.57881 1.43348
0.13900 0.14394 0.95665
0.18403 0.66671 1.20065
0.47978 0.27032 1.29281
0.22192 0.50691 1.16947
0.56101 0.64452 1.50864
0.83255 0.81300 1.80323
0.76376 0.77443 1.73023
0.17899 0.35979 1.07538
0.32571 0.86944 1.39965
0.39878 0.36680 1.26280
0.90155 0.43220 1.71102
0.29243 0.22442 1.11730
0.74944 0.48016 1.60214
0.29317 0.18458 1.10221
0.65049 0.68753 1.60078
0.11296 0.86127 1.21768
0.46583 0.82855 1.50125
0.83799 0.15471 1.54818
0.45724 0.64037 1.41982
0.26868 0.19163 1.08442
0.21915 0.34932 1.10500
0.09432 0.80935 1.18154
0.18014 0.35925 1.07613
0.38630 0.14034 1.16301
0.10923 0.86909 1.21763
0.45569 0.53234 1.37591
0.02051 0.05307 0.82126
0.18380 0.21985 1.02423
0.40898 0.45994 1.30811
0.80323 0.67256 1.72321
0.35824 0.93085 1.45120
0.19177 0.92140 1.30761
0.50880 0.00473 1.21245
0.74868 0.03650 1.42652
0.55274 0.67526 1.51381
0.00857 0.99604 1.18312
0.80102 0.29106 1.57090
0.69810 0.88951 1.72044
0.14823 0.92538 1.27259
0.15520 0.82862 1.24029
0.54578 0.46125 1.42357
0.17414 0.18769 1.00343
0.36712 0.61549 1.33429
0.01800 0.65007 1.05460
0.24141 0.67532 1.25227
0.32518 0.33402 1.18804
0.13811 0.41766 1.06386
0.01316 0.14495 0.85132
0.22464 0.54174 1.18550
0.73947 0.47685 1.59245
0.64010 0.26642 1.42597
0.30258 0.58654 1.26864
0.64451 0.98498 1.71307
0.63666 0.74018 1.60992
0.95089 0.32375 1.70970
0.92410 0.42730 1.72804
0.59711 0.00788 1.28789
0.12681 0.16724 0.95560
0.24796 0.19356 1.06777
0.21179 0.67816 1.22849
0.30599 0.64564 1.29482
0.32269 0.38160 1.20472
