# This is data-file-1 
# x-column 2 
# y-column 3 
# z = 0.840188 * x + 0.394383 * y + 0.783099
0.79844:0.91165:0.19755:0.33522:0.76823
0.55397&0.47740&0.62887&0.36478&0.51340
0.91620&0.63571&0.71730&0.14160&0.60697
0.24289,0.13723,0.80418,0.15668,0.40094
0.10881 0.99892 0.21826 0.51293 0.83911
0.29603#0.63755#0.52429#0.49358#0.97278
0.77136,0.52674,0.76991,0.40023,0.89153
0.35246&0.80772&0.91903&0.06976&0.94933
0.08606,0.19221,0.66323,0.89023,0.34889
0.02002,0.45770,0.06310,0.23828,0.97063
0.85092#0.26667#0.53976#0.37521#0.76025
0.66772,0.53161,0.03928,0.43764,0.93184
0.72095#0.28429#0.73853#0.63998#0.35405
0.16597:0.44010:0.88008:0.82920:0.33034
0.89337,0.35036,0.68667,0.95647,0.58864
0.85868 0.43956 0.92397 0.39844 0.81477
0.91097&0.48249&0.21582&0.95025&0.92013
0.88106;0.64108;0.43195;0.61960;0.28106
0.30746:0.44703:0.22611:0.18753:0.27623
0.41650:0.16961:0.90680:0.10317:0.12608
0.76048:0.98475:0.93500:0.68445:0.38319
0.36866 0.29416 0.23226 0.58449 0.24441
0.73215;0.12547;0.79347;0.16410;0.74507
0.95010 0.05253 0.52156 0.17621 0.24006
0.73265 0.65656 0.96741 0.63946 0.75973
0.13490#0.52021#0.07823#0.06991#0.20466
0.81968#0.57332#0.75558#0.05194#0.15781
0.20433 0.88996 0.12547 0.99780 0.05406
0.07233&0.00416&0.92307&0.59389&0.18037
0.39169&0.91303&0.81970&0.35910&0.55249
0.45258,0.68739,0.09964,0.53081,0.75729
0.99223,0.57697,0.87761,0.74781,0.62891
0.74780,0.83324,0.92538,0.87327,0.83104
0.74381,0.90337,0.98360,0.66688,0.49726
0.83001:0.88895:0.07699:0.64971:0.24804
0.22914 0.70062 0.31687 0.32878 0.23143
0.63307;0.22366;0.65113;0.51069;0.97147
0.54611:0.71927:0.11328:0.47148:0.59254
0.45092:0.33635:0.84768:0.43451:0.00323
0.59848&0.83324&0.23389&0.67548&0.48295
0.30496&0.71209&0.18256&0.62182&0.04086
0.69598;0.67394;0.63764;0.34712;0.18462
0.62716 0.73073 0.32837 0.74044 0.20221
0.68476,0.65313,0.25727,0.53244,0.08764
0.87738,0.68612,0.09374,0.11128,0.36160
0.59321:0.66656:0.28878:0.77577:0.28838
0.18975;0.98436;0.00358;0.82739;0.33148
0.43650:0.95864:0.91893:0.76487:0.69908
0.68579,0.38383,0.77427,0.94305,0.91627
0.20355 0.79366 0.54804 0.29729 0.90493
0.87398#0.49814#0.57620#0.16276#0.27391
0.49240:0.46366:0.84894:0.49598:0.29105
0.68418 0.72755 0.13906 0.60311 0.49242
0.72425&0.17821&0.22197&0.49853&0.12126
0.36044,0.32481,0.93190,0.90848,0.62210
0.81813 0.49607 0.33497 0.39433 0.65883
0.25891,0.15123,0.07255,0.10785,0.64721
0.28827,0.33139,0.09115,0.42733,0.93449
0.26546;0.65875;0.76178;0.48743;0.15727
0.62567 0.51771 0.20784 0.55756 0.42620
0.39439 0.24433 0.32601 0.72936 0.63865
0.33824:0.89756:0.13607:0.41079:0.00541
0.77439&0.29368&0.11467&0.86553&0.72101
0.44911,0.98647,0.70791,0.21088,0.47389
0.09392;0.09956;0.38290;0.30176;0.65712
0.13170 0.05151 0.05342 0.45772 0.78087
0.44256 0.11911 0.58964 0.57863 0.52990
0.36192:0.30429:0.88872:0.47658:0.16982
0.52575#0.61893#0.59620#0.23366#0.82981
0.09884 0.92373 0.16965 0.48173 0.22549
0.29083:0.35719:0.87828:0.34425:0.81491
0.03633,0.25747,0.77826,0.62596,0.83610
0.22101;0.19802;0.61244;0.10973;0.67461
0.71946,0.20035,0.40119,0.31566,0.43401
0.38575,0.53285,0.15472,0.55540,0.01458
0.38217 0.30541 0.73741 0.26044 0.64966
0.91959#0.68599#0.80979#0.69785#0.31195
0.00600:0.53296:0.84391:0.61845:0.64269
0.40071&0.36215&0.71887&0.80190&0.67781
0.03289;0.06356;0.68572;0.18762;0.61896
0.56783 0.00113 0.00571 0.30524 0.26157
0.85756 0.18116 0.34135 0.66734 0.87901
0.31323&0.88501&0.18626&0.15714&0.50346
0.67565:0.90417:0.19111:0.39452:0.70607
0.54740&0.73896&0.93248&0.23312&0.92658
0.93342,0.49441,0.55257,0.93913,0.79965
0.59450;0.65720;0.99530;0.93585;0.32454
0.58916 0.63777 0.75932 0.77542 0.79491
0.60438:0.47056:0.16695:0.79549:0.86509
0.66441,0.41248,0.61198,0.59690,0.64560
0.14834 0.57902 0.03296 0.70091 0.51815
0.51505&0.11265&0.48981&0.51035&0.04850
0.38466;0.63766;0.45212;0.14398;0.41308
0.40677 0.01746 0.71760 0.57372 0.81295
0.44674&0.47736&0.99516&0.05872&0.07426
0.59728&0.22260&0.21979&0.63024&0.92351
0.46285:0.43856:0.85059:0.95266:0.94891
0.76701,0.33357,0.53674,0.21914,0.47755
0.46617#0.88432#0.96728#0.18377#0.45804
0.76645#0.90478#0.25759#0.76161#0.96350
0.40238#0.56078#0.55445#0.62217#0.19103
0.36011,0.65388,0.91652,0.21069,0.60654
0.10978;0.37356;0.19900;0.64652;0.59269
0.59634&0.05886&0.56087&0.56362&0.24263
0.34384#0.00907#0.92369#0.60143#0.77069
0.93327,0.17306,0.44798,0.48772,0.79523
0.96568 0.15534 0.29289 0.88220 0.36603
0.74764,0.47581,0.27299,0.94664,0.12233
0.62319:0.71867:0.92454:0.18407:0.28228
0.20298,0.62613,0.17624,0.12667,0.22755
0.01387,0.16082,0.11999,0.46185,0.64855
0.10086&0.61423&0.07056&0.39375&0.49643
0.29318:0.24407:0.91239:0.56616:0.19071
0.43184:0.81390:0.75338:0.35638:0.99797
0.52355&0.20095&0.66179&0.69979&0.32762
0.64671 0.34148 0.05017 0.76670 0.80333
0.68192 0.90419 0.31294 0.75248 0.29793
0.18906#0.59111#0.05344#0.10145#0.15728
0.13617,0.58912,0.05805,0.88955,0.94550
0.92522;0.46905;0.25697;0.58701;0.16884
0.47635:0.81555:0.92607:0.52652:0.58225
0.22524&0.26417&0.63358&0.53818&0.01665
0.34755:0.20571:0.52263:0.40099:0.30717
0.64513#0.44334#0.26902#0.70319#0.33289
0.75921,0.25811,0.68357,0.01618,0.84512
0.60076,0.32148,0.66796,0.52683,0.84800
0.25623;0.07324;0.51438;0.88981;0.61141
0.82133;0.95896;0.73675;0.34396;0.35994
0.02386#0.00508#0.48725#0.29289#0.70826
0.50741 0.46747 0.07826 0.19098 0.48365
0.04339,0.08441,0.24486,0.71135,0.61124
0.96157 0.86747 0.16609 0.47595 0.75728
0.00698;0.57861;0.73646;0.74373;0.92257
0.78764:0.94644:0.10148:0.27490:0.23932
0.09504&0.74673&0.27721&0.17330&0.93771
0.09668 0.98111 0.84527 0.34154 0.69246
0.43440 0.65403 0.32398 0.60049 0.12998
0.37800 0.13696 0.65988 0.11446 0.88068
0.21086;0.66833;0.52888;0.31234;0.94322
0.12209&0.03826&0.51494&0.39930&0.21157
0.16016 0.30825 0.43376 0.00543 0.64979
0.46195,0.08418,0.78025,0.78593,0.68468
0.86720,0.06267,0.04718,0.52707,0.17713
0.10952,0.38800,0.59619,0.63841,0.70034
0.40662,0.82243,0.57768,0.92155,0.22173
0.37420;0.38189;0.09749;0.80796;0.38732
0.93418 0.84927 0.83146 0.71443 0.63520
0.62466:0.50240:0.57881:0.67184:0.02948
0.59971;0.13900;0.14394;0.19590;0.77741
0.73531:0.18403:0.66671:0.31299:0.10558
0.10223#0.47978#0.27032#0.19972#0.28774
0.94700 0.22192 0.50691 0.77846 0.93635
0.29460 0.56101 0.64452 0.87341 0.23285
0.62936,0.83255,0.81300,0.77330,0.02845
0.61758 0.76376 0.77443 0.28429 0.07675
0.17272:0.17899:0.35979:0.44304:0.37871
0.10069:0.32571:0.86944:0.60760:0.10417
0.74972:0.39878:0.36680:0.39424:0.27219
0.06823 0.90155 0.43220 0.88123 0.67485
0.47164#0.29243#0.22442#0.24607#0.57672
0.12608:0.74944:0.48016:0.48587:0.19249
0.13339 0.29317 0.18458 0.00283 0.90077
0.80862;0.65049;0.68753;0.17541;0.04473
0.77506;0.11296;0.86127;0.20726;0.99420
0.66791,0.46583,0.82855,0.89232,0.71191
0.19349 0.83799 0.15471 0.67365 0.32385
0.53251:0.45724:0.64037:0.71709:0.46007
0.00584,0.26868,0.19163,0.69337,0.44410
0.65309,0.21915,0.34932,0.51435,0.42641
0.05047:0.09432:0.80935:0.87901:0.98664
0.28428#0.18014#0.35925#0.43899#0.85378
0.78619:0.38630:0.14034:0.42655:0.10339
0.96769 0.10923 0.86909 0.15932 0.80260
0.39568&0.45569&0.53234&0.74501&0.97004
0.08853 0.02051 0.05307 0.89788 0.89952
0.41914,0.18380,0.21985,0.77839,0.62279
0.46149&0.40898&0.45994&0.60183&0.83553
0.20223&0.80323&0.67256&0.07132&0.96255
0.38451&0.35824&0.93085&0.91685&0.10324
0.87560#0.19177#0.92140#0.92868#0.08965
0.96839,0.50880,0.00473,0.18825,0.28719
0.26189&0.74868&0.03650&0.72182&0.35051
0.28515;0.55274;0.67526;0.95771;0.62406
0.43287:0.00857:0.99604:0.36373:0.92542
0.26462&0.80102&0.29106&0.18603&0.72970
0.00695:0.69810:0.88951:0.01168:0.88634
0.63920&0.14823&0.92538&0.67569&0.87005
0.54772#0.15520#0.82862#0.22298#0.11291
0.86078#0.54578#0.46125#0.85683#0.90951
0.95611,0.17414,0.18769,0.24717,0.36016
0.62788,0.36712,0.61549,0.51739,0.37880
0.69409#0.01800#0.65007#0.61947#0.69369
0.89535&0.24141&0.67532&0.72398&0.46439
0.17666,0.32518,0.33402,0.63791,0.18200
0.02458#0.13811#0.41766#0.21227#0.38528
0.12966,0.01316,0.14495,0.74515,0.53055
0.24699;0.22464;0.54174;0.89706;0.84411
0.41717,0.73947,0.47685,0.09249,0.46344
0.88073 0.64010 0.26642 0.21474 0.27800
0.45827 0.30258 0.58654 0.87593 0.51485
0.65376 0.64451 0.98498 0.79871 0.38967
0.32245 0.63666 0.74018 0.86419 0.53371
0.09963&0.95089&0.32375&0.57648&0.04338
0.51772,0.92410,0.42730,0.78414,0.13884
0.23257 0.59711 0.00788 0.81910 0.47305
0.79092 0.12681 0.16724 0.77590 0.92551
0.29143,0.24796,0.19356,0.03161,0.11216
0.61589;0.21179;0.67816;0.93965;0.78827
0.72685;0.30599;0.64564;0.15414;0.09013
0.85944:0.32269:0.38160:0.86732:0.14180
