0.91165 0.19755 1.62697
0.47740 0.62887 1.43222
0.63571 0.71730 1.60011
0.13723 0.80418 1.21555
0.99892 0.21826 1.70846
0.63755 0.52429 1.52553
0.52674 0.76991 1.52930
0.80772 0.91903 1.82419
0.19221 0.66323 1.20616
0.45770 0.06310 1.19254
0.26667 0.53976 1.22002
0.53161 0.03928 1.24524
0.28429 0.73853 1.31322
0.44010 0.88008 1.49996
0.35036 0.68667 1.34828
0.43956 0.92397 1.51681
0.48249 0.21582 1.27360
0.64108 0.43195 1.49208
0.44703 0.22611 1.24786
0.16961 0.90680 1.28323
0.98475 0.93500 1.97923
0.29416 0.23226 1.12185
0.12547 0.79347 1.20145
0.05253 0.52156 1.03293
0.65656 0.96741 1.71626
0.52021 0.07823 1.25103
0.57332 0.75558 1.56278
0.88996 0.12547 1.58031
0.00416 0.92307 1.15064
0.91303 0.81970 1.87349
0.68739 0.09964 1.39993
0.57697 0.87761 1.61398
0.83324 0.92538 1.84813
0.90337 0.98360 1.93001
0.88895 0.07699 1.56035
0.70062 0.31687 1.49672
0.22366 0.65113 1.22781
0.71927 0.11328 1.43210
0.33635 0.84768 1.40001
0.83324 0.23389 1.57542
0.71209 0.18256 1.45338
0.67394 0.63764 1.60081
0.73073 0.32837 1.52655
0.65313 0.25727 1.43331
0.68612 0.09374 1.39654
0.66656 0.28878 1.45702
0.98436 0.00358 1.61156
0.95864 0.91893 1.95094
0.38383 0.77427 1.41095
0.79366 0.54804 1.66606
0.49814 0.57620 1.42888
0.46366 0.84894 1.50747
0.72755 0.13906 1.44922
0.17821 0.22197 1.02037
0.32481 0.93190 1.42352
0.49607 0.33497 1.33200
0.15123 0.07255 0.93877
0.33139 0.09115 1.09747
0.65875 0.76178 1.63700
0.51771 0.20784 1.30005
0.24433 0.32601 1.11695
0.89756 0.13607 1.59088
0.29368 0.11467 1.07507
0.98647 0.70791 1.89110
0.09956 0.38290 1.01776
0.05151 0.05342 0.84744
0.11911 0.58964 1.11572
0.30429 0.88872 1.38925
0.61893 0.59620 1.53824
0.92373 0.16965 1.62611
0.35719 0.87828 1.42959
0.25747 0.77826 1.30635
0.19802 0.61244 1.19101
0.20035 0.40119 1.10965
0.53285 0.15472 1.29181
0.30541 0.73741 1.33052
0.68599 0.80979 1.67882
0.53296 0.84391 1.56371
0.36215 0.71887 1.37089
0.06356 0.68572 1.10694
0.00113 0.00571 0.78630
0.18116 0.34135 1.06993
0.88501 0.18626 1.60014
0.90417 0.19111 1.61814
0.73896 0.93248 1.77172
0.49441 0.55257 1.41642
0.65720 0.99530 1.72780
0.63777 0.75932 1.61841
0.47056 0.16695 1.24431
0.41248 0.61198 1.37102
0.57902 0.03296 1.28259
0.11265 0.48981 1.07092
0.63766 0.45212 1.49716
0.01746 0.71760 1.08077
0.47736 0.99516 1.57665
0.22260 0.21979 1.05681
0.43856 0.85059 1.48703
0.33357 0.53674 1.27504
0.88432 0.96728 1.90757
0.90478 0.25759 1.64487
0.56078 0.55445 1.47293
0.65388 0.91652 1.69394
0.37356 0.19900 1.17544
0.05886 0.56087 1.05375
0.00907 0.92369 1.15501
0.17306 0.44798 1.10518
0.15534 0.29289 1.02912
0.47581 0.27299 1.29053
0.71867 0.92454 1.75154
0.62613 0.17624 1.37867
0.16082 0.11999 0.96554
0.61423 0.07056 1.32699
0.24407 0.91239 1.34799
0.81390 0.75338 1.76405
0.20095 0.66179 1.21293
0.34148 0.05017 1.08979
0.90419 0.31294 1.66620
0.59111 0.05344 1.30082
0.58912 0.05805 1.30096
0.46905 0.25697 1.27853
